6,0891
3,0746
6,0810
5,0648
2,0007
2,0249
5,0397
4,0325
3,0185
4,0043
4,0192
2,0204
2,0398
6,0413
4,0521
2,0547
2,0154
5,0813
4,0659
4,0745
4,0830
6,0091
6,0481
4,0681
6,0168
2,0320
2,0522
3,0313
5,0679
2,0620
5,0607
5,0674
2,0124
4,0252
2,0104
4,0968
4,0748
2,0895
6,0667
2,0798
3,0615
2,0059
2,0702
2,0356
3,0584
3,0841
5,0880
2,0790
4,0555
5,0514
5,0529
4,0414
2,0497
6,0652
4,0451
4,0866
6,0665
6,0293
3,0976
6,0893
6,0412
4,0306
3,0302
5,0341
2,0291
5,0313
6,0291
2,0731
4,0728
6,0663
2,0514
4,0895
2,0274
6,0317
5,0987
6,0747
6,0241
4,0578
2,0396
6,0286
6,0679
6,0862
5,0538
5,0850
2,0552
6,0020
6,0149
6,0205
3,0993
4,0277
4,0212
4,0752
6,0073
3,0930
4,0159
5,0759
4,0051
6,0380
2,0019
2,0164
2,0975
3,0454
6,0785
3,0688
3,0053
6,0207
2,0050
4,0702
4,0703
4,0518
2,0140
5,0140
4,0529
2,0682
3,0774
2,0602
3,0486
6,0257
6,0486
3,0048
3,0836
6,0497
2,0668
5,0224
3,0794
4,0569
2,0298
5,0663
4,0190
6,0305
5,0635
2,0342
4,0209
4,0001
4,0307
5,0268
6,0489
2,0499
2,0082
6,0769
6,0956
3,0540
4,0224
5,0030
6,0070
5,0848
3,0902
3,0733
2,0135
5,0970
4,0520
4,0303
3,0277
5,0419
4,0203
3,0188
5,0791
2,0751
4,0454
2,0078
2,0693
3,0353
2,0646
2,0971
3,0811
3,0390
3,0844
5,0604
5,0380
3,0640
6,0653
2,0097
3,0544
4,0614
3,0283
3,0444
3,0373
4,0751
6,0392
3,0298
6,0616
2,0075
3,0991
4,0443
4,0371
2,0235
5,0089
5,0602
3,0307
2,0072
3,0485
4,0287
5,0222
6,0018
6,0749
5,0188
5,0364
2,0576
4,0067
5,0939
3,0406
3,0662
2,0300
4,0663
5,0589
5,0771
2,0638
3,0507
6,0671
6,0229
3,0006
4,0020
2,0319
2,0826
3,0639
3,0244
2,0228
6,0326
3,0867
2,0877
2,0705
6,0064
6,0914
5,0763
2,0791
2,0491
4,0588
3,0090
2,0374
2,0446
4,0008
5,0273
3,0787
4,0390
4,0536
4,0421
4,0045
3,0202
5,0082
2,0838
3,0231
5,0042
4,0742
3,0460
5,0066
2,0429
6,0526
2,0414
3,0007
5,0762
6,0752
3,0694
5,0005
4,0492
4,0625
5,0745
6,0602
2,0776
5,0878
5,0125
6,0541
5,0997
6,0854
5,0695
5,0491
5,0751
4,0937
6,0911
2,0470
4,0177
2,0210
3,0191
3,0610
5,0436
2,0293
6,0705
5,0661
6,0135
3,0446
5,0468
2,0422
2,0950
3,0731
3,0096
3,0687
3,0724
6,0585
4,0953
6,0697
6,0265
6,0538
4,0543
2,0978
2,0409
5,0392
6,0582
4,0779
5,0871
4,0304
2,0006
4,0585
3,0624
3,0514
4,0170
5,0588
4,0104
4,0668
4,0050
2,0953
6,0292
6,0993
6,0726
2,0380
2,0871
2,0604
5,0202
3,0204
4,0204
6,0379
5,0998
5,0833
5,0280
4,0653
2,0280
4,0319
3,0157
3,0950
5,0710
3,0516
5,0866
5,0614
2,0177
3,0011
6,0321
6,0352
5,0477
4,0769
3,0936
2,0391
6,0906
5,0207
3,0788
5,0417
4,0704
3,0968
2,0722
5,0572
2,0829
2,0071
6,0353
5,0515
3,0821
2,0984
2,0752
4,0474
4,0440
5,0574
6,0619
5,0495
6,0738
6,0045
5,0324
2,0425
6,0095
3,0075
5,0599
5,0214
4,0417
2,0989
3,0235
2,0516
6,0008
6,0898
3,0626
6,0773
3,0274
3,0873
5,0043
6,0975
4,0562
4,0886
2,0742
6,0523
4,0481
2,0013
2,0765
3,0434
6,0501
3,0591
2,0449
5,0819
6,0478
2,0788
5,0772
2,0083
2,0088
4,0694
2,0410
5,0738
2,0420
3,0884
6,0934
2,0141
3,0199
4,0222
4,0024
4,0055
4,0125
3,0051
2,0341
2,0996
3,0196
2,0588
4,0113
2,0246
6,0234
2,0724
5,0128
5,0981
6,0082
3,0977
4,0219
3,0908
4,0831
2,0888
5,0390
4,0828
3,0343
2,0500
4,0985
4,0761
4,0958
6,0001
3,0652
4,0896
3,0281
6,0197
6,0108
2,0739
2,0275
2,0999
2,0324
6,0085
6,0818
5,0122
5,0814
6,0750
3,0092
3,0978
5,0371
4,0743
6,0959
4,0242
6,0289
3,0317
5,0078
5,0286
3,0622
4,0444
5,0023
2,0000
5,0931
3,0305
3,0900
6,0948
5,0993
2,0642
6,0733
6,0482
4,0171
6,0878
6,0335
3,0386
2,0304
5,0490
3,0510
2,0855
4,0384
3,0304
5,0272
5,0496
3,0487
5,0079
6,0231
2,0222
6,0734
6,0203
2,0251
6,0452
5,0243
5,0626
3,0520
4,0570
4,0074
4,0927
3,0236
4,0710
2,0745
4,0037
3,0228
4,0388
6,0658
5,0311
2,0734
2,0490
2,0359
2,0311
3,0609
5,0668
2,0835
4,0541
5,0809
5,0844
6,0507
4,0397
4,0657
5,0226
2,0543
2,0635
2,0606
5,0817
6,0929
4,0240
2,0886
5,0887
4,0463
3,0780
5,0027
3,0816
2,0187
6,0870
6,0933
4,0382
5,0160
4,0383
2,0325
3,0890
4,0879
5,0681
2,0544
4,0069
2,0221
2,0099
6,0636
2,0756
5,0021
5,0941
2,0865
5,0807
3,0979
5,0608
3,0974
6,0965
5,0752
3,0097
2,0015
2,0655
4,0484
4,0140
2,0195
4,0650
5,0716
5,0914
5,0575
2,0884
6,0473
6,0775
3,0898
5,0182
4,0901
3,0594
3,0370
4,0770
3,0251
2,0436
4,0988
3,0920
6,0736
6,0593
4,0002
6,0673
2,0591
6,0502
4,0006
2,0165
3,0522
3,0716
6,0107
5,0778
3,0326
6,0047
4,0157
5,0486
3,0117
4,0258
6,0764
5,0984
2,0172
4,0186
5,0431
6,0890
3,0795
5,0444
2,0566
3,0972
5,0059
4,0018
5,0366
2,0365
3,0634
5,0011
4,0034
6,0401
4,0211
3,0126
5,0629
2,0069
3,0587
2,0703
5,0857
6,0490
3,0776
3,0601
5,0714
4,0737
3,0271
4,0827
4,0009
4,0202
6,0571
6,0718
6,0859
2,0349
4,0330
4,0038
6,0251
4,0286
6,0923
2,0240
3,0103
5,0332
3,0500
6,0863
2,0859
5,0625
5,0948
2,0282
4,0049
3,0268
2,0531
6,0615
5,0245
5,0957
5,0450
3,0755
3,0517
2,0301
5,0058
6,0084
2,0345
5,0698
3,0072
5,0634
5,0606
3,0422
3,0580
6,0098
3,0840
4,0912
2,0237
4,0765
5,0162
6,0572
4,0123
6,0167
2,0233
3,0762
4,0403
4,0014
4,0835
4,0128
3,0164
6,0022
3,0576
3,0648
3,0484
2,0197
3,0265
4,0446
2,0746
3,0207
4,0336
5,0548
2,0466
4,0575
2,0749
2,0583
5,0466
4,0825
4,0196
3,0562
6,0246
5,0032
3,0773
6,0366
2,0504
3,0182
5,0908
3,0994
5,0831
4,0595
4,0909
2,0782
3,0033
3,0649
3,0962
6,0075
2,0571
6,0195
2,0068
5,0938
2,0811
3,0261
2,0110
5,0665
2,0014
5,0246
3,0220
3,0952
4,0594
3,0257
3,0797
4,0749
6,0779
2,0626
6,0306
3,0604
6,0962
4,0504
4,0789
2,0408
6,0745
6,0298
3,0219
5,0112
4,0152
6,0784
2,0935
2,0157
5,0991
3,0697
6,0583
2,0149
2,0920
3,0850
4,0746
4,0367
5,0566
2,0389
2,0062
2,0372
5,0423
4,0753
6,0072
2,0767
3,0526
3,0946
5,0615
2,0778
4,0607
2,0943
6,0606
6,0096
6,0432
4,0438
2,0786
2,0191
5,0567
5,0181
4,0285
2,0411
6,0931
6,0758
5,0388
6,0173
6,0743
3,0356
3,0021
5,0591
5,0460
5,0816
4,0434
4,0313
6,0354
2,0990
2,0260
6,0226
6,0896
2,0675
6,0692
3,0186
4,0926
4,0458
5,0041
4,0494
4,0101
5,0605
5,0845
2,0121
2,0846
3,0845
5,0480
4,0015
3,0635
4,0389
5,0858
2,0262
3,0513
5,0975
6,0390
3,0674
6,0102
3,0409
3,0494
5,0775
3,0879
2,0153
6,0770
5,0398
5,0543
2,0435
5,0838
2,0937
5,0269
2,0728
5,0321
2,0510
2,0388
4,0084
4,0648
2,0860
6,0109
4,0275
6,0725
2,0729
6,0960
3,0319
3,0568
6,0307
5,0632
4,0396
2,0176
2,0397
2,0805
5,0418
6,0464
6,0554
6,0280
6,0595
2,0892
4,0118
3,0417
6,0961
6,0864
5,0370
4,0178
3,0883
6,0089
2,0273
2,0822
3,0226
5,0095
5,0942
4,0777
5,0441
4,0487
2,0053
4,0073
5,0818
4,0843
5,0248
3,0880
5,0750
2,0447
6,0198
4,0255
6,0176
2,0012
4,0732
5,0557
6,0436
4,0539
6,0235
6,0580
3,0862
4,0609
5,0808
5,0967
2,0175
2,0758
2,0481
6,0504
4,0800
6,0740
6,0060
3,0913
4,0623
2,0343
4,0103
5,0551
2,0721
2,0441
5,0292
4,0511
2,0842
3,0450
4,0538
3,0655
5,0067
3,0643
3,0546
3,0131
3,0737
5,0337
3,0061
3,0323
2,0812
2,0717
2,0442
2,0528
5,0250
5,0395
3,0801
3,0877
5,0235
4,0516
6,0230
6,0200
6,0589
5,0767
2,0127
4,0508
2,0368
3,0718
2,0010
6,0346
5,0513
6,0470
6,0454
5,0047
3,0817
4,0870
4,0387
5,0701
4,0144
6,0359
2,0118
5,0133
4,0952
3,0894
3,0621
6,0509
3,0605
6,0103
3,0327
4,0145
6,0542
5,0024
4,0401
3,0698
5,0092
6,0819
2,0363
2,0160
4,0944
3,0511
4,0430
4,0478
4,0540
5,0958
4,0646
4,0507
4,0296
4,0059
5,0976
4,0408
5,0002
3,0436
6,0685
3,0759
5,0768
4,0630
2,0305
6,0383
6,0805
6,0809
4,0845
5,0134
3,0094
5,0506
4,0136
3,0314
5,0293
2,0079
4,0933
4,0872
5,0088
2,0431
3,0197
5,0732
3,0026
5,0426
2,0740
3,0256
6,0967
5,0624
2,0575
3,0680
4,0731
5,0553
4,0913
3,0397
3,0110
5,0485
2,0785
6,0026
3,0439
4,0888
6,0138
6,0270
3,0964
3,0292
6,0406
5,0885
6,0356
4,0948
3,0954
4,0635
3,0392
2,0299
2,0830
5,0102
4,0966
6,0614
4,0717
6,0802
5,0177
2,0761
5,0853
5,0530
4,0294
5,0978
3,0693
4,0181
3,0931
4,0967
4,0923
5,0884
4,0119
4,0399
2,0936
5,0753
2,0623
3,0620
2,0406
5,0415
5,0837
5,0654
4,0402
2,0255
3,0586
4,0274
6,0782
6,0926
3,0957
6,0121
5,0584
6,0242
4,0465
4,0340
2,0664
4,0068
4,0060
6,0402
4,0271
6,0793
3,0413
2,0020
3,0961
3,0483
6,0127
6,0097
3,0470
6,0790
3,0575
2,0370
6,0083
6,0044
4,0354
2,0445
5,0113
4,0920
3,0241
2,0105
5,0448
2,0581
4,0969
2,0017
3,0465
4,0821
4,0719
5,0026
3,0459
5,0219
5,0840
4,0267
5,0962
5,0766
2,0573
4,0406
2,0985
2,0098
4,0685
3,0937
4,0499
2,0038
3,0660
3,0935
6,0348
5,0664
2,0245
2,0548
5,0399
3,0859
2,0188
5,0019
4,0978
3,0761
3,0464
4,0850
4,0951
4,0115
6,0981
5,0985
5,0163
4,0548
3,0744
2,0395
3,0969
2,0505
3,0372
6,0232
2,0214
5,0897
6,0525
6,0239
3,0644
2,0054
5,0804
2,0234
2,0509
6,0450
5,0952
2,0605
5,0946
6,0415
3,0371
2,0764
3,0416
2,0572
6,0625
2,0028
5,0544
3,0631
3,0014
6,0877
4,0552
4,0054
5,0333
5,0568
4,0714
5,0308
2,0281
6,0351
2,0719
6,0588
6,0876
5,0873
6,0218
6,0074
4,0957
2,0637
3,0602
2,0900
5,0467
2,0913
6,0987
5,0110
2,0008
3,0651
5,0815
2,0444
5,0536
3,0748
5,0558
3,0692
3,0280
6,0555
2,0296
5,0755
4,0081
2,0553
2,0049
3,0782
6,0834
5,0627
3,0916
2,0521
3,0109
2,0792
3,0625
3,0515
5,0593
4,0670
2,0932
4,0887
5,0805
4,0793
4,0786
4,0344
5,0211
3,0440
5,0603
4,0021
2,0896
5,0510
5,0093
3,0329
2,0518
2,0631
4,0959
5,0362
3,0095
2,0314
3,0217
6,0169
4,0713
2,0564
4,0987
4,0381
6,0433
3,0810
2,0854
4,0794
3,0018
3,0824
4,0498
4,0368
2,0147
2,0603
2,0400
4,0223
3,0156
3,0538
6,0691
5,0258
3,0564
6,0883
2,0574
5,0542
5,0954
2,0377
4,0011
6,0766
4,0468
6,0455
6,0268
4,0924
4,0431
4,0813
5,0404
3,0222
4,0266
2,0735
4,0889
6,0709
6,0972
5,0773
6,0683
3,0016
2,0486
4,0448
6,0515
4,0479
6,0970
4,0066
3,0322
6,0429
6,0079
5,0676
3,0818
5,0101
3,0478
2,0327
3,0085
5,0192
3,0650
6,0016
2,0025
6,0283
6,0545
3,0832
3,0224
5,0114
5,0600
3,0973
4,0718
5,0869
6,0049
5,0658
4,0598
4,0763
3,0793
4,0880
4,0070
5,0488
3,0901
3,0549
2,0918
6,0945
6,0052
5,0731
2,0198
6,0500
4,0865
4,0756
6,0032
3,0333
5,0376
2,0416
5,0729
3,0948
5,0881
3,0985
2,0628
3,0242
6,0368
3,0760
5,0281
3,0198
3,0411
3,0133
2,0546
4,0565
5,0637
3,0491
2,0540
4,0547
6,0434
5,0186
3,0726
4,0273
3,0579
6,0569
3,0667
6,0457
5,0135
6,0510
4,0677
5,0836
4,0254
2,0194
3,0992
4,0838
3,0951
2,0559
3,0232
6,0077
5,0338
2,0199
6,0600
3,0940
5,0977
6,0662
2,0942
5,0069
6,0313
3,0310
2,0259
6,0904
6,0347
3,0166
3,0875
3,0104
3,0383
5,0923
2,0725
3,0102
5,0306
6,0592
4,0687
2,0584
4,0475
4,0573
5,0781
5,0482
4,0493
6,0638
2,0529
6,0932
5,0379
3,0467
3,0981
4,0352
4,0495
3,0551
4,0875
3,0536
5,0579
5,0990
5,0353
3,0766
5,0696
4,0735
6,0647
4,0954
2,0741
3,0606
3,0528
5,0055
2,0131
2,0089
4,0999
6,0174
5,0851
5,0100
5,0730
6,0328
2,0924
4,0799
3,0403
6,0459
5,0796
5,0489
6,0345
4,0112
2,0903
5,0403
2,0945
3,0570
3,0005
6,0713
6,0399
5,0519
5,0821
4,0247
3,0781
3,0784
2,0817
5,0909
4,0108
4,0228
4,0940
6,0958
2,0212
6,0905
4,0033
5,0046
4,0722
3,0545
3,0922
6,0573
4,0077
5,0955
4,0558
3,0452
5,0037
6,0263
3,0425
2,0241
6,0113
4,0147
6,0584
6,0125
2,0968
2,0168
2,0048
6,0550
5,0694
6,0828
4,0644
6,0370
4,0163
6,0798
6,0333
2,0465
6,0471
2,0339
3,0384
3,0803
5,0901
4,0941
3,0503
3,0330
3,0582
3,0804
6,0544
2,0565
4,0360
6,0888
3,0771
5,0517
2,0754
6,0957
5,0456
3,0336
6,0613
4,0244
4,0184
4,0175
6,0240
5,0453
2,0680
4,0459
4,0894
4,0596
5,0326
2,0355
5,0872
5,0009
2,0597
3,0999
5,0422
6,0376
3,0632
4,0010
2,0386
4,0797
3,0736
4,0356
4,0864
6,0973
3,0592
2,0659
2,0042
5,0446
2,0037
2,0066
4,0610
3,0315
5,0198
4,0778
4,0678
4,0807
3,0857
2,0265
2,0423
5,0323
2,0763
3,0299
6,0004
5,0064
2,0196
5,0690
4,0660
6,0777
2,0856
4,0437
3,0273
2,0747
6,0838
3,0385
2,0596
4,0239
4,0571
3,0547
3,0996
4,0391
4,0882
5,0494
6,0362
6,0722
5,0312
6,0334
3,0995
5,0410
5,0199
3,0270
2,0878
2,0136
5,0492
3,0215
5,0164
2,0640
3,0713
4,0780
6,0865
2,0993
6,0698
6,0640
3,0553
3,0437
6,0702
3,0638
5,0774
6,0369
2,0254
3,0909
3,0942
3,0917
4,0608
5,0413
6,0532
6,0657
3,0509
6,0222
4,0232
3,0138
2,0983
3,0269
5,0934
4,0308
2,0472
5,0799
3,0047
6,0598
4,0151
5,0349
5,0692
6,0216
5,0314
4,0369
3,0495
4,0172
2,0190
2,0202
6,0694
5,0189
6,0021
2,0381
5,0071
4,0257
4,0341
3,0245
6,0192
4,0695
4,0817
5,0156
6,0035
6,0714
6,0552
2,0483
5,0389
2,0773
6,0223
3,0363
3,0165
4,0661
4,0916
6,0983
4,0363
4,0819
4,0691
5,0271
5,0546
6,0511
2,0044
3,0791
2,0384
6,0815
2,0166
2,0178
6,0527
5,0343
6,0394
6,0806
4,0019
3,0703
2,0229
5,0500
5,0639
6,0858
2,0421
5,0688
5,0108
4,0774
3,0374
6,0646
6,0535
5,0724
2,0424
6,0316
3,0171
4,0871
4,0436
3,0457
5,0686
4,0862
4,0525
3,0583
4,0464
2,0125
3,0960
2,0143
4,0665
5,0631
4,0377
4,0513
4,0143
6,0980
6,0468
4,0898
2,0093
3,0712
6,0389
4,0012
6,0985
2,0170
6,0951
6,0337
5,0318
2,0277
6,0564
2,0001
5,0352
3,0325
4,0248
3,0809
5,0159
6,0136
2,0592
5,0180
2,0926
2,0616
4,0629
2,0851
3,0396
4,0348
5,0454
6,0757
4,0096
4,0168
4,0671
2,0966
2,0364
2,0238
5,0373
3,0481
3,0714
6,0281
5,0687
6,0792
4,0806
2,0929
5,0061
5,0777
2,0101
2,0958
5,0525
6,0261
6,0672
4,0428
4,0017
6,0144
5,0336
6,0225
5,0451
6,0290
2,0696
4,0758
6,0427
2,0755
4,0903
4,0868
4,0312
5,0502
6,0350
6,0919
5,0656
5,0319
4,0826
5,0300
4,0874
3,0987
4,0026
3,0656
4,0058
5,0534
2,0542
5,0761
3,0449
3,0701
6,0227
4,0781
5,0455
6,0559
5,0247
6,0830
4,0534
6,0505
5,0126
5,0065
3,0472
4,0947
2,0354
5,0678
6,0300
4,0502
6,0979
5,0068
5,0081
2,0550
2,0227
6,0820
3,0201
5,0231
2,0223
3,0177
4,0243
2,0114
3,0666
3,0732
6,0857
2,0955
5,0330
5,0070
2,0674
2,0837
5,0434
3,0792
2,0452
3,0088
6,0358
4,0133
5,0344
2,0244
2,0508
3,0826
3,0332
3,0189
2,0317
5,0334
5,0358
4,0852
3,0720
4,0179
2,0369
5,0587
5,0964
2,0551
3,0814
5,0296
2,0405
4,0221
2,0689
5,0965
6,0849
4,0900
5,0115
4,0505
3,0239
2,0180
5,0242
2,0647
3,0473
6,0187
3,0415
4,0532
3,0041
3,0925
4,0637
2,0263
6,0204
5,0085
5,0770
2,0026
4,0675
3,0504
4,0844
3,0585
5,0127
5,0291
4,0510
6,0998
6,0325
5,0705
6,0539
4,0201
5,0980
6,0276
3,0825
3,0953
2,0152
6,0520
4,0298
2,0289
3,0183
4,0333
2,0562
5,0512
4,0567
5,0244
2,0757
4,0783
6,0924
2,0960
6,0302
6,0708
6,0938
2,0649
6,0448
6,0712
2,0887
6,0846
5,0666
4,0945
3,0654
3,0577
2,0673
4,0631
2,0624
6,0794
4,0079
6,0421
4,0279
3,0206
4,0877
4,0174
3,0663
3,0554
6,0866
4,0632
5,0094
6,0363
3,0717
3,0238
6,0649
6,0417
3,0291
5,0310
4,0210
6,0756
4,0706
5,0947
6,0024
5,0278
4,0470
6,0228
5,0907
6,0682
3,0855
6,0986
6,0014
6,0019
4,0822
4,0976
4,0984
6,0897
5,0216
3,0770
5,0138
3,0769
2,0167
4,0110
5,0720
2,0661
2,0899
3,0065
6,0771
4,0820
6,0301
2,0799
2,0533
2,0513
3,0512
5,0384
5,0265
4,0682
2,0652
5,0057
4,0162
3,0914
6,0037
3,0523
5,0139
5,0154
6,0264
6,0982
6,0730
6,0729
4,0056
5,0022
6,0626
4,0091
3,0785
6,0139
2,0569
6,0487
4,0931
5,0256
5,0839
5,0703
2,0733
4,0156
2,0963
6,0894
5,0347
2,0844
5,0933
2,0482
6,0128
2,0536
2,0261
4,0620
6,0117
5,0253
5,0765
5,0891
2,0582
3,0101
5,0905
5,0263
5,0555
2,0520
6,0778
5,0137
6,0248
4,0093
2,0123
3,0563
2,0629
2,0847
2,0495
4,0041
6,0516
5,0086
3,0246
2,0525
5,0746
4,0981
3,0939
4,0626
5,0789
6,0861
6,0823
5,0040
6,0813
3,0377
3,0518
2,0031
2,0781
4,0189
4,0197
5,0275
2,0599
6,0944
2,0669
5,0576
4,0692
3,0058
2,0443
3,0756
6,0727
5,0734
2,0517
4,0986
3,0375
4,0109
3,0596
3,0891
4,0983
5,0916
5,0320
4,0899
2,0250
5,0483
6,0343
3,0806
5,0944
3,0828
5,0077
2,0459
5,0346
6,0184
2,0863
2,0144
6,0724
2,0337
5,0003
4,0641
3,0063
6,0772
4,0167
3,0921
4,0869
4,0150
5,0929
5,0356
6,0258
6,0871
5,0706
5,0699
3,0419
4,0185
6,0237
2,0338
4,0284
5,0387
4,0829
5,0097
5,0167
6,0801
3,0856
2,0333
2,0898
4,0616
3,0019
3,0677
4,0891
2,0454
5,0038
6,0373
5,0583
3,0448
5,0924
4,0757
4,0076
3,0418
5,0048
6,0303
3,0194
3,0815
2,0556
3,0308
4,0935
5,0782
5,0864
6,0288
5,0056
5,0131
2,0808
5,0240
6,0488
6,0183
5,0727
3,0339
3,0910
5,0218
6,0717
3,0496
5,0472
5,0421
3,0617
4,0921
2,0060
6,0735
2,0511
6,0477
2,0706
3,0476
3,0076
5,0794
3,0108
6,0430
6,0310
5,0270
4,0044
4,0030
5,0870
2,0718
6,0395
2,0276
2,0401
2,0907
4,0796
2,0189
5,0578
4,0804
6,0151
3,0466
4,0347
2,0492
4,0808
4,0301
4,0776
6,0475
2,0766
2,0402
2,0295
3,0029
3,0070
3,0683
4,0061
6,0533
2,0045
3,0989
6,0524
5,0447
3,0627
3,0990
3,0843
4,0993
2,0823
5,0440
5,0619
3,0303
2,0956
2,0360
5,0875
2,0800
5,0960
6,0025
5,0259
4,0725
5,0033
6,0693
2,0794
2,0527
3,0552
2,0730
5,0013
2,0067
6,0054
2,0347
5,0277
5,0075
3,0799
5,0241
3,0764
2,0743
4,0040
2,0601
4,0619
4,0721
2,0308
2,0334
5,0974
5,0779
6,0549
2,0352
5,0080
2,0853
6,0319
3,0099
5,0623
5,0200
6,0604
6,0146
6,0059
5,0298
4,0878
4,0200
2,0925
6,0046
5,0158
5,0018
2,0738
2,0448
6,0131
4,0690
6,0547
4,0442
4,0851
5,0302
6,0327
4,0991
5,0327
4,0771
3,0758
4,0231
2,0287
6,0748
6,0635
4,0936
6,0398
5,0205
3,0211
5,0741
6,0887
3,0264
4,0672
3,0134
4,0643
5,0988
6,0543
3,0686
2,0252
2,0874
4,0590
6,0774
5,0533
2,0568
6,0719
3,0834
4,0023
3,0868
6,0921
2,0712
2,0373
3,0800
4,0216
5,0556
4,0025
5,0342
2,0663
2,0224
3,0039
6,0393
4,0697
2,0051
6,0104
3,0669
5,0961
4,0840
2,0111
6,0287
6,0617
5,0733
2,0070
4,0483
6,0003
6,0051
2,0225
3,0708
3,0462
2,0310
6,0892
4,0560
3,0598
4,0676
6,0410
5,0150
2,0683
4,0090
5,0539
2,0910
5,0650
2,0944
3,0376
2,0872
2,0184
4,0645
4,0723
2,0760
4,0553
5,0029
2,0434
2,0779
2,0201
5,0429
3,0272
4,0111
6,0252
2,0362
2,0232
6,0484
5,0969
5,0145
3,0275
2,0991
6,0872
3,0282
6,0988
2,0438
4,0072
4,0654
6,0999
6,0875
5,0945
3,0616
5,0374
6,0996
5,0206
2,0394
3,0412
3,0074
6,0963
6,0311
4,0146
3,0149
6,0660
2,0632
3,0393
2,0230
3,0105
6,0968
3,0077
3,0852
3,0278
5,0622
4,0358
3,0521
2,0460
2,0836
6,0609
3,0151
3,0176
5,0708
6,0124
2,0988
5,0535
4,0883
5,0435
4,0766
3,0778
6,0732
3,0897
3,0831
5,0653
5,0168
2,0145
2,0256
2,0610
5,0876
5,0329
4,0016
4,0359
3,0426
3,0721
6,0791
5,0564
2,0174
4,0263
5,0309
3,0438
5,0195
2,0399
3,0424
5,0531
5,0812
2,0340
5,0569
5,0233
4,0064
6,0209
4,0839
3,0262
6,0341
5,0183
2,0691
5,0190
3,0067
6,0201
4,0846
4,0860
6,0746
4,0432
2,0671
2,0957
2,0344
3,0767
4,0007
6,0404
3,0571
2,0156
6,0578
5,0144
3,0168
4,0057
2,0313
6,0946
5,0894
3,0135
6,0126
2,0139
2,0970
2,0496
4,0315
5,0927
6,0277
2,0035
3,0234
2,0701
3,0428
6,0795
3,0896
4,0350
2,0073
6,0480
5,0801
6,0141
4,0583
2,0117
2,0203
3,0535
4,0652
4,0566
5,0843
6,0285
2,0914
2,0825
3,0463
6,0522
3,0645
4,0545
6,0939
3,0338
6,0831
2,0116
3,0312
5,0287
4,0602
5,0919
3,0689
2,0579
6,0385
6,0133
6,0632
2,0463
4,0075
4,0410
2,0366
4,0699
5,0739
4,0132
5,0325
2,0831
5,0561
6,0023
6,0030
3,0749
5,0420
4,0447
4,0106
6,0797
2,0473
2,0770
4,0559
4,0684
6,0936
3,0947
4,0365
2,0962
5,0824
5,0747
5,0689
3,0148
5,0096
3,0174
6,0179
2,0841
4,0962
6,0017
6,0425
6,0940
2,0828
2,0801
2,0043
4,0182
5,0276
6,0494
5,0671
5,0372
3,0255
2,0994
3,0492
6,0190
4,0963
4,0859
4,0450
2,0833
6,0760
3,0711
5,0802
5,0074
2,0881
6,0164
5,0365
3,0079
2,0545
2,0332
3,0442
4,0346
4,0801
5,0367
5,0252
5,0918
4,0496
4,0420
5,0437
4,0032
3,0337
5,0099
2,0142
5,0982
6,0087
4,0235
4,0476
3,0435
3,0284
5,0153
3,0324
3,0334
6,0062
5,0830
5,0855
3,0603
6,0442
3,0034
5,0416
2,0662
2,0475
4,0738
4,0642
5,0983
3,0548
6,0715
2,0809
6,0340
6,0447
4,0427
2,0056
2,0707
5,0381
3,0130
5,0906
2,0458
3,0181
5,0559
3,0461
2,0803
5,0503
6,0053
2,0272
2,0220
4,0810
4,0698
6,0676
2,0095
4,0884
3,0588
4,0331
5,0141
2,0949
5,0835
2,0614
6,0474
4,0701
4,0803
5,0174
2,0684
2,0906
2,0288
3,0943
6,0927
4,0251
4,0711
3,0498
6,0703
6,0171
3,0848
3,0008
3,0849
5,0010
4,0321
3,0066
5,0076
3,0502
5,0644
2,0915
6,0528
6,0610
6,0041
3,0480
2,0815
3,0170
6,0262
5,0570
6,0742
2,0011
5,0856
4,0206
5,0902
2,0137
3,0988
3,0366
5,0825
3,0078
6,0031
2,0294
3,0822
6,0063
6,0843
3,0046
2,0948
4,0176
6,0143
4,0269
4,0122
4,0289
3,0216
5,0111
4,0611
5,0386
6,0561
6,0092
4,0338
5,0610
4,0680
6,0161
6,0822
2,0532
6,0157
3,0619
5,0461
6,0042
3,0401
2,0726
4,0666
4,0272
5,0104
5,0540
5,0890
3,0613
6,0476
2,0326
2,0679
4,0527
2,0502
2,0179
5,0565
5,0407
4,0861
3,0267
5,0201
5,0363
3,0260
2,0612
6,0503
4,0065
5,0926
6,0381
2,0285
3,0347
5,0382
3,0911
6,0338
5,0465
4,0314
6,0721
5,0103
4,0551
2,0455
4,0994
2,0558
4,0949
5,0748
4,0535
6,0199
3,0924
3,0589
4,0747
6,0048
3,0456
3,0775
5,0509
3,0820
6,0215
5,0305
5,0935
3,0664
5,0505
2,0686
3,0710
3,0405
4,0863
3,0838
4,0522
5,0642
3,0213
2,0348
2,0890
5,0737
4,0380
4,0485
2,0653
5,0212
4,0530
6,0767
4,0615
2,0315
3,0858
6,0460
5,0217
4,0400
6,0807
4,0283
6,0159
2,0600
5,0328
5,0645
4,0577
3,0690
4,0977
3,0753
4,0467
5,0301
6,0245
5,0220
3,0387
3,0754
3,0295
3,0903
6,0355
2,0130
6,0145
6,0656
6,0253
2,0041
2,0783
3,0642
4,0191
6,0445
6,0078
5,0255
5,0091
2,0335
4,0405
3,0802
3,0543
2,0039
5,0726
2,0585
3,0248
5,0563
2,0744
2,0503
3,0064
5,0050
3,0180
6,0576
6,0599
5,0147
4,0353
3,0469
6,0297
5,0411
4,0455
2,0979
2,0439
3,0089
6,0028
6,0007
2,0115
3,0705
4,0965
6,0989
5,0899
3,0675
6,0166
2,0206
2,0561
2,0498
2,0052
6,0420
3,0155
6,0344
2,0692
6,0244
3,0050
4,0639
4,0031
3,0763
4,0812
2,0644
4,0980
6,0273
2,0869
3,0178
4,0581
2,0122
6,0915
2,0976
6,0860
4,0556
5,0896
6,0556
2,0784
6,0443
6,0388
3,0488
3,0723
3,0020
6,0575
4,0173
2,0820
3,0056
4,0309
3,0830
6,0090
4,0730
3,0361
5,0129
3,0160
5,0335
4,0320
2,0997
4,0519
6,0210
5,0859
5,0744
3,0847
4,0597
2,0030
6,0844
5,0685
3,0158
6,0910
2,0698
5,0660
6,0463
4,0842
6,0707
6,0386
3,0055
4,0343
2,0270
3,0593
2,0087
2,0159
4,0617
3,0395
6,0130
6,0462
6,0570
4,0568
3,0252
6,0696
2,0027
5,0910
2,0382
5,0166
5,0971
5,0943
3,0038
4,0658
4,0472
6,0942
3,0786
6,0122
5,0922
3,0833
3,0136
2,0916
2,0768
6,0278
3,0608
5,0834
4,0441
5,0810
6,0695
3,0742
6,0304
5,0132
4,0902
6,0581
6,0664
2,0657
4,0791
2,0857
4,0754
6,0314
5,0409
2,0939
3,0839
3,0340
3,0835
5,0541
6,0279
4,0715
2,0169
6,0377
5,0401
6,0817
3,0722
6,0165
5,0862
5,0736
4,0655
3,0854
6,0971
3,0389
3,0735
5,0393
5,0442
5,0497
3,0391
3,0290
5,0892
6,0519
5,0172
4,0095
5,0236
6,0548
4,0166
6,0039
3,0402
5,0283
6,0110
5,0191
6,0496
2,0171
6,0833
2,0247
3,0501
6,0456
2,0787
3,0203
3,0129
4,0466
6,0153
5,0470
6,0786
6,0080
6,0953
6,0467
4,0996
3,0696
2,0876
2,0494
2,0046
2,0385
2,0133
2,0921
4,0972
5,0780
4,0932
6,0913
2,0248
5,0528
5,0458
6,0811
6,0594
4,0198
5,0523
6,0922
4,0230
4,0906
6,0930
4,0647
4,0370
4,0194
5,0863
4,0188
4,0107
5,0203
2,0796
6,0681
6,0901
4,0372
3,0499
3,0529
2,0297
5,0986
5,0550
6,0706
5,0617
2,0284
6,0220
5,0142
3,0966
6,0405
4,0155
5,0028
5,0874
5,0289
6,0106
5,0712
3,0100
2,0901
5,0282
6,0902
2,0328
3,0004
4,0893
5,0865
4,0584
4,0250
2,0427
5,0596
6,0000
3,0214
3,0907
2,0148
4,0876
6,0160
6,0937
2,0681
4,0833
6,0453
3,0035
3,0369
6,0172
2,0485
6,0628
3,0357
5,0006
2,0685
4,0233
2,0128
2,0108
2,0090
5,0786
3,0122
5,0408
4,0591
4,0918
3,0887
6,0357
4,0398
3,0091
6,0848
5,0377
3,0144
3,0975
2,0091
4,0848
4,0964
2,0430
3,0423
3,0289
2,0667
4,0740
3,0030
2,0085
6,0579
4,0633
5,0044
3,0212
3,0691
2,0708
2,0651
5,0479
3,0658
5,0501
3,0451
6,0824
2,0267
4,0816
6,0267
3,0611
6,0318
2,0321
3,0247
4,0873
2,0036
2,0759
2,0383
4,0938
6,0005
5,0090
5,0304
2,0264
4,0517
2,0303
3,0031
3,0630
6,0969
4,0724
4,0386
5,0915
4,0000
5,0715
5,0787
5,0937
3,0752
6,0367
2,0670
3,0882
5,0618
4,0462
6,0137
3,0032
2,0716
3,0600
2,0412
5,0912
2,0271
5,0717
6,0224
3,0352
5,0670
5,0471
5,0638
5,0317
4,0473
3,0750
2,0771
4,0003
6,0155
2,0627
4,0922
3,0037
5,0828
2,0587
3,0069
3,0525
3,0870
4,0858
2,0917
3,0205
3,0309
6,0836
5,0228
3,0113
2,0727
2,0969
5,0713
2,0777
6,0446
5,0545
4,0582
3,0842
5,0432
2,0004
3,0042
6,0966
6,0123
3,0398
6,0499
3,0734
6,0150
6,0422
2,0200
2,0163
5,0054
2,0478
4,0131
2,0848
5,0264
3,0684
2,0318
2,0810
4,0764
4,0214
4,0762
3,0490
5,0017
2,0557
4,0760
2,0523
3,0790
5,0443
2,0218
4,0087
2,0598
5,0577
5,0784
5,0469
4,0998
3,0306
4,0013
6,0015
6,0206
2,0998
4,0005
6,0612
4,0261
6,0011
2,0107
4,0249
2,0419
2,0858
3,0253
4,0814
2,0862
3,0000
3,0087
4,0712
4,0606
5,0823
6,0088
5,0339
4,0971
3,0240
4,0217
4,0105
4,0291
2,0236
5,0004
5,0900
5,0999
2,0621
3,0432
4,0537
3,0728
3,0673
3,0153
2,0102
4,0515
2,0567
2,0376
6,0631
2,0704
3,0997
3,0364
5,0594
6,0759
2,0636
3,0706
2,0047
4,0911
5,0641
2,0032
4,0412
5,0920
3,0906
3,0421
6,0992
5,0728
3,0524
6,0814
2,0016
4,0979
5,0060
3,0837
3,0730
6,0364
2,0005
6,0181
6,0162
2,0802
6,0259
2,0084
5,0457
3,0679
6,0731
4,0328
4,0158
3,0965
4,0100
4,0720
2,0231
4,0469
4,0280
3,0700
5,0476
4,0324
4,0334
2,0609
3,0123
6,0324
5,0621
6,0826
4,0506
2,0109
2,0541
2,0450
5,0917
4,0234
5,0197
3,0328
3,0010
2,0346
4,0453
5,0176
3,0659
2,0407
4,0572
3,0458
6,0586
3,0080
2,0797
3,0661
3,0331
2,0986
5,0303
4,0195
2,0775
4,0557
3,0474
3,0768
2,0947
2,0253
6,0284
5,0921
2,0919
4,0246
3,0296
6,0322
4,0824
6,0768
4,0939
6,0633
4,0917
5,0170
6,0365
2,0641
5,0340
6,0816
2,0158
4,0599
5,0612
2,0268
6,0689
4,0674
2,0666
5,0209
6,0408
4,0741
6,0191
5,0378
3,0895
6,0194
3,0266
6,0483
2,0018
3,0233
3,0676
2,0650
4,0689
4,0490
6,0984
2,0119
2,0594
5,0585
4,0089
4,0424
5,0036
2,0772
5,0357
3,0237
4,0561
2,0843
3,0382
2,0959
5,0351
5,0516
4,0942
6,0066
6,0829
6,0978
2,0216
5,0261
3,0893
5,0776
4,0063
3,0618
4,0460
4,0227
6,0928
5,0827
3,0052
2,0219
2,0487
6,0873
3,0147
5,0185
5,0229
6,0639
4,0811
2,0885
4,0241
3,0561
2,0793
3,0933
6,0152
4,0683
2,0840
5,0511
4,0137
3,0876
4,0667
3,0300
3,0699
4,0904
6,0674
5,0433
5,0949
3,0015
2,0850
5,0412
6,0208
5,0783
3,0453
3,0431
6,0238
2,0619
6,0332
2,0058
5,0143
4,0526
6,0400
4,0393
3,0983
3,0263
5,0842
4,0094
2,0694
3,0527
4,0531
2,0590
6,0668
2,0867
5,0846
5,0350
4,0634
4,0881
5,0793
3,0394
6,0027
5,0521
3,0145
3,0505
3,0345
5,0722
5,0345
5,0459
4,0302
3,0912
3,0128
3,0441
4,0138
2,0580
6,0055
5,0117
4,0028
6,0755
3,0445
6,0941
2,0868
4,0142
4,0039
5,0149
5,0428
2,0493
6,0086
3,0443
4,0062
2,0750
3,0777
6,0611
4,0914
6,0428
3,0657
3,0175
4,0329
4,0052
6,0275
4,0885
4,0297
6,0852
5,0995
3,0059
5,0829
4,0379
6,0272
3,0027
3,0869
2,0736
4,0613
5,0297
3,0823
3,0607
2,0484
4,0193
6,0518
6,0621
5,0053
4,0624
4,0236
5,0586
4,0847
4,0078
4,0946
4,0673
4,0036
5,0966
3,0348
5,0424
4,0339
2,0307
3,0040
6,0255
5,0651
4,0457
4,0982
6,0686
2,0807
2,0723
3,0068
5,0221
2,0933
4,0930
6,0780
4,0148
6,0947
4,0456
6,0440
2,0613
4,0433
3,0378
5,0215
2,0064
6,0630
3,0124
6,0908
3,0872
3,0012
3,0279
6,0884
4,0925
5,0520
5,0299
4,0035
6,0781
6,0800
5,0406
2,0437
2,0161
4,0768
2,0134
6,0711
6,0796
2,0432
2,0819
5,0760
3,0566
5,0936
3,0829
2,0946
5,0735
5,0116
6,0935
4,0047
5,0331
4,0709
3,0550
6,0331
4,0423
5,0667
2,0467
4,0612
5,0754
2,0094
6,0737
5,0841
3,0685
3,0003
6,0213
2,0193
6,0148
4,0264
6,0142
5,0963
4,0604
4,0854
3,0221
6,0994
5,0504
6,0648
3,0927
2,0861
2,0129
6,0529
3,0360
4,0169
6,0115
5,0652
5,0657
6,0439
5,0571
5,0718
2,0378
2,0106
3,0400
2,0022
4,0503
2,0845
3,0958
2,0451
4,0164
3,0851
4,0337
2,0469
2,0390
4,0501
3,0318
2,0902
3,0163
5,0611
5,0723
2,0239
3,0889
4,0628
3,0560
4,0259
6,0418
5,0487
5,0758
5,0972
4,0452
3,0115
5,0285
5,0854
4,0775
5,0385
2,0181
4,0102
6,0129
3,0827
3,0980
5,0284
2,0889
3,0915
3,0919
3,0447
4,0554
2,0660
2,0183
4,0662
3,0934
5,0267
3,0024
2,0192
4,0961
5,0008
4,0445
6,0540
6,0250
5,0888
6,0498
6,0744
5,0173
6,0260
5,0590
5,0290
4,0618
4,0053
5,0196
4,0486
4,0082
2,0563
4,0705
4,0802
5,0959
5,0146
3,0772
5,0757
3,0537
3,0152
4,0855
2,0645
6,0120
6,0409
5,0274
3,0641
6,0236
5,0554
2,0040
2,0322
5,0439
3,0350
4,0160
3,0098
6,0574
4,0788
3,0807
6,0753
5,0633
4,0116
2,0639
6,0534
6,0437
3,0276
3,0054
3,0892
2,0987
4,0262
2,0908
2,0302
2,0213
3,0945
6,0879
6,0684
4,0293
4,0580
6,0704
5,0083
3,0665
5,0213
6,0596
6,0607
3,0751
2,0055
4,0218
3,0471
3,0959
6,0531
6,0546
2,0894
3,0860
3,0963
6,0950
6,0282
2,0057
6,0266
5,0016
3,0738
3,0682
4,0853
5,0507
6,0012
4,0787
6,0723
4,0265
4,0960
6,0371
5,0121
2,0839
4,0300
6,0776
2,0762
6,0219
3,0316
3,0321
2,0526
4,0268
6,0618
6,0918
2,0002
6,0654
4,0726
2,0656
2,0257
4,0688
6,0188
6,0196
3,0433
4,0187
3,0335
6,0591
4,0524
3,0559
4,0915
2,0186
3,0647
6,0678
3,0420
5,0368
4,0322
3,0861
3,0190
3,0923
2,0961
5,0769
4,0857
3,0508
3,0805
3,0229
3,0367
4,0305
6,0675
5,0930
5,0800
3,0084
6,0378
2,0316
2,0643
4,0385
3,0351
5,0034
2,0952
3,0743
3,0071
6,0076
3,0970
5,0307
6,0349
4,0514
4,0482
6,0655
2,0560
3,0623
5,0394
6,0563
3,0740
6,0466
2,0880
5,0039
2,0358
3,0783
3,0853
6,0140
5,0369
6,0036
2,0306
2,0120
4,0256
2,0973
4,0736
6,0627
4,0207
6,0997
5,0049
5,0238
2,0286
6,0189
4,0772
2,0870
6,0170
3,0984
3,0146
5,0973
6,0407
3,0028
2,0061
5,0537
2,0357
5,0391
5,0400
2,0100
6,0642
5,0683
3,0200
5,0354
5,0001
6,0175
3,0489
6,0754
5,0518
4,0805
4,0208
6,0508
2,0875
3,0719
6,0880
2,0479
3,0865
3,0967
6,0799
3,0285
2,0535
6,0847
6,0620
6,0641
5,0826
3,0986
2,0982
5,0260
5,0175
5,0898
3,0414
6,0182
4,0165
6,0907
4,0679
6,0629
5,0148
2,0279
3,0998
3,0534
6,0955
3,0581
3,0346
4,0362
5,0262
2,0912
2,0695
6,0375
6,0788
6,0952
6,0690
6,0553
3,0410
4,0798
4,0022
5,0691
6,0147
3,0036
3,0121
6,0372
4,0097
6,0637
2,0138
2,0710
6,0116
4,0439
6,0154
6,0716
3,0982
3,0614
4,0974
2,0534
2,0292
4,0378
5,0430
4,0576
3,0633
4,0199
6,0081
6,0644
2,0312
3,0119
2,0732
4,0278
2,0519
3,0193
2,0633
5,0994
